Nucleotide	NM_153168	NM_009449	NM_009446	NM_175663	NM_010480	NM_013492	NM_013580	NM_010106	NM_007393	NM_013811	NM_009609	NM_146116	NM_001002012	NM_001163434	NM_001039049	NM_007591	NM_001318003	NM_010436	NM_008907	NM_009790
N	0	0	0	0	0	0	0	0	0	0	0	0	0	0	0.154077	0	0	0	0	0
N	0	0	0	0	0	0	0	0	0	0	0	0	0.154077	0.462231	0	0	0	0	0	0
N	0	0	0	0	0	0	0	0	0	0	0	0	0	0.308154	0.462231	0	0	0	0	0
N	0	0	0	0	0	0	0	0	0	0	0	0	0	1.23262	0	0	0	0	0	0
N	0	0	0	0	0	0	0	0.462231	0	0	0	0	0	0	0.308154	0.616308	0	0	0	0
N	0	0	0	0	0	0	0	0	0	0	0	0	0	2.15708	0	0	0	0	0	0.462231
N	0	0	0	0	0	0	0	0.616308	0	0	0	0	0	13.5588	0	0.616308	0	0.308154	0	0.154077
N	0	0	0	0	0	0	0	0	0.154077	0	0	0	0	2.46523	0.308154	1.07854	0	1.54077	0	0
N	0	0	0	0	0	0	0	1.54077	0	0	0	0.154077	0.154077	0	0	0	0	0	0	0
N	0	0	0	0	0	0	0	1.38669	0	0.154077	0	0	0	1.38669	0	0	0	0.462231	0	0
N	0	0	0.462231	0	0	0	0	0.154077	0	0	1.69485	0.462231	0.924462	0	2.46523	0	0	0	0	3.54377
N	0	0	0.616308	0	0	0.154077	0	0.308154	0.154077	0	0.154077	0	0.154077	0.308154	3.85192	0.462231	0	0	0	1.23262
N	0	0	0.770385	0	0.154077	15.7159	0	1.23262	0	0	0	0	0.770385	2.92746	0.462231	0	0	0	0	0.616308
N	0	0	1.23262	0	0.154077	1.38669	0	0.308154	0	0	0.308154	0	0.616308	1.07854	0	0	0	0	0	0.462231
N	0.154077	0	0	0	0.154077	1.84892	0	0.154077	0	0.308154	0	0	0.154077	0	0.308154	0	0	0	0	0
N	0	0	0	0.616308	0	8.47423	0	0.616308	0.154077	0.308154	0	0	0	0	0	0	0	0	0	0.154077
N	0	0	0.308154	0	0.154077	1.23262	0	0	1.07854	0	0	0	0.308154	0	0.154077	0	0	0.154077	0	3.08154
N	0	0.308154	0	0	0.616308	0.924462	0.154077	0	0	0.154077	0	0	0	0	0.154077	0.462231	0	0.924462	0	0
N	0	0	0	0	0	4.93046	0	1.07854	0.308154	0	0.154077	0	0	0	0	0	0	0.308154	0	0.462231
N	0	0	0	0	0	0.462231	0	0.462231	0.154077	0	1.07854	0	0	0	0	0	0	0.308154	0	0.924462
N	0	0	1.23262	0.154077	0.616308	0	0	7.3957	0	0	0.308154	5.23862	0	0	0	0	0	0.308154	0	0
N	0	0	0.308154	1.38669	0	2.15708	0.308154	2.31115	0.308154	0	0.154077	1.69485	0	0	0	0	0	0	0	0
N	0	2.61931	0.154077	0.616308	0	0.154077	0	2.77339	0	0	0.154077	0.308154	0	0	0	0	0	0.154077	0.154077	0
N	0	5.39269	1.38669	0.154077	0.308154	0	0	6.16308	0	0	0	0.924462	0	1.07854	0	0.154077	0	0.154077	0	0
N	0	0.924462	0	1.07854	0	0	0	2.61931	0	0.154077	0	0.770385	0	0.154077	0	0.154077	0	0	0	0
N	0	0.924462	0.154077	2.003	0	0	0	1.23262	0	0	0	0	0	0.154077	0	0.154077	0	0	0	0.308154
N	0	0.616308	0.308154	0.924462	0	0.154077	0	1.69485	0	0	0	0.462231	0	1.38669	2.61931	0	0	0	0.308154	0
N	0	0.308154	0	2.77339	0.308154	5.08454	0	2.92746	0	0	0	1.07854	0	0.924462	2.15708	0	0	0	0	0
N	0	0.616308	0	2.92746	0.154077	0.462231	0	0.462231	0.462231	0	0	0.308154	0	0	0.308154	0.154077	0	0	0	0.154077
N	0	0.308154	1.07854	0	0	0.462231	0.616308	4.46823	0.616308	0	0	0	0	0.308154	2.15708	0	0	0	0	0.616308
N	0	0	0.154077	0.154077	0.308154	9.3987	0	0.924462	1.23262	0.462231	0	1.38669	0	0	1.38669	0	0	13.7129	0	0.154077
N	0	0.154077	0.462231	3.23562	0	3.54377	0	0	0.616308	0	0.462231	0	0	1.38669	0.616308	0	0	19.4137	0	0.616308
N	0	2.31115	0.770385	1.23262	1.54077	0.308154	0.308154	0	0.308154	0	0	0	0	0	1.84892	0.462231	0	0.462231	0	0.154077
N	0	0.924462	0	0.616308	0	4.31416	0	0	0	0	0	0.462231	0	0.308154	0	0	0	2.77339	0.154077	0.154077
N	0	0.308154	0	20.3382	0	0.154077	0.154077	0	0	0	0	0.462231	0	0.616308	0.154077	0	0	6.47123	0	0
N	0	2.61931	0	1.69485	0	0.770385	0.616308	0	0	0	0	0.154077	0	0.154077	0.154077	0	0	0.924462	0.462231	0.462231
N	0	0.616308	0.924462	3.08154	0	4.77639	0	0	0	0	0	1.54077	0	0.616308	0.308154	0	0	0.308154	0	0.154077
N	0	0	0.462231	4.77639	0	0	0	0	0	0	0	0.308154	0	0	1.54077	0.308154	0	10.6313	0	0.924462
N	0	0	0.616308	4.16008	0.308154	0.154077	0	0.308154	0	0	0	1.84892	0.616308	0	6.93346	0	0	0.924462	0	0.154077
N	0	0.308154	0.308154	7.3957	0.462231	0.924462	0	0.308154	0	0.616308	0	1.54077	0	0	27.5798	0	0	0.154077	0	0
N	0	0.308154	0	3.38969	0	0.308154	0	0	0	0	0	0	0	0	2.77339	0	0	1.38669	0.308154	0.154077
N	0	0	0.154077	4.006	0	0	0	0	0	0	0	0.462231	0	0	3.69785	0	0	0.308154	0	0
N	0	1.07854	0	0.462231	0	0.154077	0	0.308154	0	0	0	0.308154	0	0.616308	2.15708	0	0	0.770385	0	0.462231
N	0	0.154077	0	4.62231	0	0	0	0.308154	0	0	0	0	0	0.154077	1.84892	0	0	2.003	0	0.770385
N	0	0.770385	0	0.770385	0	0.308154	0	0	0	0	0	0	0	0	3.38969	0	0	0.308154	0	0.154077
N	0	0.924462	0	3.69785	0	4.006	0	0	0	0	0	0	0	0	0.462231	0.308154	0	0	0	0.154077
N	0	0.308154	0	15.8699	0.154077	0.308154	0	0.154077	0	0	0	0	0	0	1.54077	0.308154	0	4.006	0	0.308154
N	0	0.154077	2.15708	1.69485	0.924462	0	0.462231	0.616308	0	0	0	0	0	0	1.38669	0.308154	0	0.616308	0	0.924462
N	0	0	0	1.38669	0	2.92746	0	0.154077	0	0	0.154077	0	0	0	10.4772	0	0	0	0	0.154077
N	0	0.308154	0.616308	2.61931	0	1.07854	0	0.154077	0.616308	0	0	0.462231	0	0	0.616308	0	0	0.154077	0.154077	0.616308
N	0	0	1.54077	19.8759	0.924462	2.003	0	0	0	0.154077	0	0.308154	0	0	2.46523	0	0	0.308154	0	0.308154
N	0	0.154077	0	14.9455	0	4.006	0	0.154077	0	0	0	0.616308	0	0.770385	2.61931	0	0	0.308154	0.154077	0
N	0	0	0	14.021	0	0.462231	0	0	0	0	0	0	0	0	0.616308	0	0.154077	0	0	0.154077
N	0	0	0.308154	1.38669	0.308154	0.308154	0	0	0	0	0.308154	0.308154	0	0	0	0	0	0.154077	0	0.154077
N	0	0	0	1.23262	0.154077	2.31115	0	0	0	0	0.308154	0	0	0	0.462231	0	0.154077	0.924462	0	0.308154
N	0	0.616308	0	3.23562	0	0.462231	0	0	0.770385	0	0.154077	0	0.154077	0	0.308154	0	0	0.770385	0	1.38669
N	0	0	0.462231	1.54077	0	0.154077	0	0	0	0	0	0	0.308154	0	1.07854	0.154077	0	0.770385	0	0.154077
N	0	0	0	0.308154	0.154077	4.46823	0	0	0	0	0.154077	0.616308	0.154077	0	0	0	0	0.462231	0	0
N	0	0.308154	0.154077	2.61931	0.308154	2.31115	0	0	0	0	0.770385	0	0	0	2.15708	0	0.924462	1.07854	0.154077	0
N	0	0.308154	2.31115	1.54077	0.770385	0.924462	0.308154	0	2.15708	0	15.7159	1.38669	3.69785	0.462231	10.7854	0	5.85493	3.85192	0	0
A	0	28.5042	15.4077	94.9114	11.4017	22.6493	23.8819	61.0145	31.4317	0.462231	37.7489	37.4407	4.006	8.012	3.54377	2.46523	345.441	219.097	6.16308	9.86093
T	0	2.61931	4.46823	8.47423	2.77339	1.54077	10.1691	2.46523	4.77639	0.154077	3.08154	5.54677	0.154077	2.31115	0.924462	0.462231	15.5618	22.3412	1.84892	0.924462
G	0	19.5678	20.03	2.92746	5.08454	1.23262	3.08154	4.77639	0.770385	0	0.616308	1.23262	0.308154	0.462231	0.924462	0.154077	6.62531	13.0965	0.308154	2.15708
N	0	37.7489	37.7489	27.5798	8.16608	4.006	10.1691	5.08454	9.3987	0.308154	4.006	24.6523	0.308154	17.2566	2.77339	0.154077	53.7729	44.9905	16.4862	8.32016
N	0	1.54077	1.54077	9.24462	1.23262	0	0	0	1.38669	0	0.308154	2.31115	2.61931	2.92746	0	0.154077	3.69785	8.16608	1.84892	0.616308
N	0	2.46523	2.46523	38.5192	1.54077	1.84892	0.154077	0.154077	1.69485	0	2.003	2.46523	0.462231	1.23262	0.462231	0.154077	0.154077	0.308154	3.54377	2.15708
N	0	17.7189	17.7189	63.1716	3.69785	2.46523	2.15708	0.308154	8.012	0	1.54077	2.15708	0.308154	3.54377	1.54077	2.77339	22.8034	23.4197	14.6373	1.54077
N	0	8.93647	8.93647	3.08154	0.924462	1.84892	0.770385	0.616308	1.69485	0	0	0.308154	0	0.616308	0	0.924462	1.23262	1.38669	2.46523	0.154077
N	0	5.54677	5.54677	11.0935	0.616308	0.154077	0	4.77639	0.462231	0	0	0	0.154077	0.616308	2.003	0	0.308154	1.84892	0.154077	0.154077
N	0	43.7579	43.7579	38.3652	10.7854	5.39269	1.69485	0.616308	8.47423	0	3.08154	0.154077	0.770385	2.61931	1.38669	2.61931	28.042	85.0505	5.54677	5.39269
N	0	16.024	16.024	3.38969	0.924462	0.924462	0.616308	0	2.15708	0.154077	0	0.308154	0.616308	0	0.924462	0.770385	3.23562	18.4892	0.770385	1.54077
N	0	3.69785	3.69785	2.92746	0.770385	0.462231	0	0	0.462231	0	0.154077	0.308154	0.462231	0.308154	1.84892	1.84892	7.08754	6.62531	1.38669	0.308154
N	0	11.5558	11.5558	31.4317	2.15708	10.015	1.23262	5.85493	11.2476	0.308154	1.54077	4.46823	3.08154	10.6313	3.38969	11.5558	40.2141	36.6703	9.70685	5.54677
N	0	3.38969	3.38969	4.16008	0.154077	2.003	0.308154	0.462231	1.38669	0.308154	0.154077	0.770385	0.924462	1.07854	2.92746	2.003	7.85793	19.5678	0.154077	1.84892
N	0	0.308154	0.308154	0.616308	0	0	0	0.308154	0.154077	0	0	0	0.308154	0.308154	1.84892	0.462231	9.09054	0.462231	0	0.462231
N	0	17.8729	17.8729	17.8729	4.77639	14.1751	6.31716	1.07854	4.31416	0.308154	0.770385	2.61931	2.31115	3.08154	15.2536	4.77639	22.033	33.2806	3.54377	1.07854
N	0	11.8639	11.8639	1.84892	0.770385	1.84892	0.308154	0.308154	0	0	0.308154	0	0	0.154077	1.69485	0	7.85793	4.77639	0.924462	0.154077
N	0	21.7249	21.7249	0.770385	2.61931	1.38669	0.462231	1.07854	4.77639	0	0.308154	0.616308	0.770385	0	5.70085	0	1.07854	0.462231	1.07854	1.54077
N	0.154077	3.85192	3.85192	17.8729	0.308154	2.003	5.85493	4.62231	0.308154	0	4.77639	1.69485	0.308154	1.69485	6.93346	1.38669	72.7243	10.1691	3.08154	0.616308
N	0	2.92746	2.92746	2.46523	0.154077	0.154077	0.770385	0.154077	0.462231	0	1.38669	0.616308	0	0.308154	0.462231	0.308154	12.3262	0.462231	0	0
N	0	0.616308	0.616308	1.84892	0.308154	0.924462	0.770385	0	0.308154	0.154077	0.154077	0.154077	0.154077	0	0.924462	2.61931	4.93046	0.462231	1.69485	0.462231
N	0	20.4922	20.4922	40.06	4.46823	2.31115	4.77639	0.770385	2.61931	0	2.46523	7.08754	1.69485	4.62231	1.23262	4.31416	90.5973	8.47423	0.462231	1.07854
N	0	2.003	2.003	14.9455	1.07854	0.616308	0.924462	0.770385	1.07854	0.154077	0.462231	0.616308	0.462231	0	1.07854	0.308154	12.7884	1.07854	0.308154	0
N	0	7.08754	7.08754	11.8639	3.23562	0.154077	0.154077	0	1.54077	0	0	0	0.154077	0.462231	0.924462	0.770385	12.1721	0.154077	1.07854	0
N	0	40.6763	40.6763	32.6643	4.16008	1.54077	1.69485	4.77639	7.08754	0.154077	4.31416	2.15708	0.462231	1.84892	6.009	17.7189	75.3437	4.62231	9.55277	2.15708
N	0	4.77639	4.77639	9.70685	0.924462	0	0	2.46523	0.462231	0	0.462231	0	0	0.308154	0.616308	1.07854	2.77339	0.154077	1.07854	0.462231
N	0	1.54077	1.54077	2.31115	0	0	0.770385	0.616308	0.154077	0	0	0	0.616308	1.23262	0.308154	0.308154	2.15708	0.154077	4.77639	0
N	0	8.62831	8.62831	57.6248	7.3957	15.2536	4.77639	9.86093	5.54677	0.462231	0.154077	0.770385	5.85493	1.38669	2.92746	17.7189	8.62831	24.3442	18.9515	1.69485
N	0	0.770385	0.924462	12.1721	2.31115	2.61931	0.924462	0.616308	2.31115	0	0	0	2.31115	0.154077	2.15708	8.47423	4.006	2.92746	1.69485	0.462231
N	0	10.4772	9.24462	10.015	0.154077	0.308154	3.08154	3.23562	8.32016	0.770385	0.308154	0.308154	0	0.154077	6.009	2.31115	2.61931	0.462231	0.154077	2.15708
N	0	11.7099	11.8639	22.1871	3.08154	9.3987	11.5558	2.46523	3.08154	2.61931	1.69485	2.61931	0.770385	4.62231	18.1811	4.93046	25.5768	6.16308	10.3232	0.770385
N	0	6.16308	6.77939	4.31416	0.924462	0.462231	0.770385	1.54077	0.924462	0	0.616308	0.616308	0	1.38669	4.31416	0.462231	6.009	0	2.15708	0.616308
N	0	3.23562	2.31115	0.308154	0	3.54377	0.616308	0.154077	0.154077	0	0.770385	0	0.154077	0	2.46523	0.308154	4.77639	0.308154	1.23262	0.770385
N	0	6.62531	9.70685	5.23862	3.85192	45.6068	3.69785	7.24162	9.86093	1.23262	3.54377	6.93346	1.07854	4.006	4.62231	3.54377	37.9029	3.54377	12.3262	0.924462
N	0	1.07854	1.38669	1.38669	0.616308	8.62831	1.07854	0.154077	0.770385	0.462231	2.46523	0.924462	0	0.154077	0.154077	0	13.4047	0.462231	0.770385	0
N	0	0.616308	0.308154	4.006	1.07854	4.62231	0.308154	0	1.69485	0.616308	0	0	0.154077	0.462231	0.616308	0	2.92746	0.308154	0	0.308154
N	0	4.93046	8.16608	6.009	0.154077	6.77939	4.006	4.77639	2.003	0.154077	2.77339	3.85192	1.54077	10.015	49.6128	2.46523	10.015	2.15708	1.23262	0
N	0	0.924462	1.23262	2.61931	0	2.77339	1.23262	0	1.69485	0	0	0.924462	0	0.924462	3.23562	0.616308	1.23262	0.154077	0.462231	0.154077
N	0	0.462231	2.003	4.31416	0.154077	1.84892	0	0.616308	0.154077	0	0	2.92746	0.462231	5.54677	8.16608	2.61931	1.69485	0	1.07854	0
N	0	3.69785	2.003	43.1416	3.85192	60.8604	3.23562	3.23562	5.54677	0	5.23862	1.38669	9.55277	8.62831	4.77639	1.84892	12.4802	9.3987	10.7854	2.77339
N	0	0.154077	0.462231	6.62531	0.154077	11.7099	1.54077	0.770385	0.616308	0	3.69785	0	5.70085	0.616308	1.54077	0.616308	0.616308	0.924462	0.924462	1.38669
N	0	0	0.308154	3.38969	0	2.77339	10.6313	0.308154	1.23262	0.154077	3.38969	0.154077	1.23262	0.462231	2.92746	0.616308	0.154077	3.85192	0	0.308154
N	0	1.38669	3.85192	32.8184	1.38669	33.8969	6.31716	0.308154	4.93046	0	3.08154	0.308154	1.54077	1.23262	12.9425	4.16008	2.003	5.39269	15.7159	1.23262
N	0	0	0.462231	2.31115	0	0.770385	0.616308	0	0.462231	0	0.154077	0.308154	0	0.770385	2.46523	0	0	1.23262	5.54677	0
N	0	0.154077	1.23262	2.31115	0	0.308154	0.462231	0	0	0	0	0	0.308154	1.07854	0.924462	0.154077	0.308154	0	1.69485	0
N	0	0	0.770385	21.8789	2.31115	13.8669	5.54677	1.38669	2.46523	0.308154	1.07854	0.924462	4.77639	15.2536	12.3262	2.61931	28.6583	10.3232	4.46823	2.31115
N	0	1.07854	0.616308	4.006	2.003	6.93346	0.308154	0.154077	0.154077	0	0.154077	0.154077	0.770385	2.31115	4.62231	0.308154	4.006	0.924462	0.308154	0
N	0	0.308154	0	2.003	2.61931	2.92746	0	0.924462	0.770385	0.154077	1.07854	0	0	0.770385	2.003	0.770385	0	4.77639	0	0.154077
N	0	5.39269	0.924462	44.2201	2.15708	20.9545	1.23262	1.54077	0.308154	0	0.462231	3.38969	0	8.32016	13.5588	10.1691	2.92746	32.8184	0	0.770385
N	0	1.23262	1.84892	13.0965	0.154077	2.31115	0	0.462231	0.154077	0	0.154077	0.924462	0	0.308154	0.924462	0	0.154077	3.08154	0	0
N	0	2.31115	0.462231	12.9425	0	0.462231	0	0.154077	0	0	0	22.6493	0	0.154077	2.46523	0.308154	0	1.38669	0.154077	0
N	0	4.77639	0.462231	14.6373	0.308154	11.8639	0	1.69485	3.69785	0.924462	0.308154	24.4982	0.924462	4.93046	13.4047	2.46523	0.924462	11.5558	0	2.61931
N	0	0.462231	0.462231	4.46823	0	0.154077	0	0.924462	0.770385	0	0.154077	6.77939	0.154077	0.924462	2.46523	0.154077	0	0.924462	0	0.462231
N	0	0	0.154077	2.77339	0.154077	2.003	0	12.6343	0.462231	0.308154	0	2.61931	0.462231	2.46523	0.616308	0	0	0.462231	0.770385	0.154077
N	0	3.08154	4.62231	15.4077	0.924462	3.23562	1.07854	16.9485	6.16308	0.308154	2.92746	5.85493	3.69785	4.16008	6.77939	0	1.38669	0.308154	0.154077	4.31416
N	0	0.308154	0.462231	0	0.154077	0.154077	0	3.38969	0.308154	0	0	0.616308	0.924462	0.154077	1.07854	0.154077	0	0.462231	0	0.154077
N	0	0.770385	1.84892	0.462231	0	0.462231	0	1.07854	0.308154	0	0	0.308154	1.23262	0.308154	6.62531	4.006	2.003	0	0.154077	0
N	0	17.1025	29.5828	4.62231	0.924462	22.1871	3.85192	6.16308	7.54977	1.23262	4.77639	5.23862	8.93647	3.85192	23.7279	1.38669	6.31716	2.31115	5.23862	0.924462
N	0	5.23862	8.012	0.616308	0	2.61931	4.31416	1.54077	0.924462	0	1.07854	2.003	0.616308	0.154077	12.7884	0.154077	1.07854	0.154077	0.616308	0
N	0	4.31416	0.462231	0	0.154077	8.16608	2.31115	0.616308	0	0	0	2.61931	0.308154	0.462231	11.7099	1.07854	6.47123	0.616308	0.308154	0
N	0	5.54677	8.78239	17.4107	1.69485	4.31416	9.09054	7.08754	6.16308	0	1.69485	2.15708	3.23562	6.31716	15.2536	6.47123	14.3292	10.9395	9.09054	0.154077
