Nucleotide	NM_153168	NM_009449	NM_009446	NM_175663	NM_010480	NM_013492	NM_013580	NM_010106	NM_007393	NM_013811	NM_009609	NM_146116	NM_001002012	NM_001163434	NM_001039049	NM_007591	NM_001318003	NM_010436	NM_008907	NM_009790
N	0.154077	4.77639	4.77639	59.3196	2.15708	4.31416	1.84892	0	2.77339	0.770385	2.77339	1.38669	2.31115	23.1115	1.38669	2.61931	15.0995	43.6038	9.24462	2.46523
N	0	0.154077	0.154077	9.09054	0.308154	1.07854	0	0	2.61931	0.462231	2.61931	0	0.154077	3.69785	1.07854	0.308154	0.616308	6.47123	1.54077	0.462231
N	0	2.003	2.003	4.46823	1.38669	7.54977	0.154077	0	3.85192	0.462231	3.85192	0.462231	0	0.154077	0.462231	0	4.77639	1.38669	0.924462	0.770385
N	0	14.1751	14.1751	113.247	3.69785	8.78239	2.77339	1.69485	17.5648	0.462231	17.5648	4.006	4.31416	2.77339	4.46823	2.92746	8.16608	40.06	0	2.46523
N	0	3.23562	3.23562	19.5678	0.770385	0.308154	0.308154	0	0	0.462231	0	0.770385	1.23262	0	1.54077	0	1.07854	0.770385	0	0.308154
N	0	0.462231	0.462231	4.31416	2.77339	0.616308	1.07854	2.46523	0.616308	0	0.462231	0.924462	1.07854	0.462231	1.69485	1.07854	1.84892	0.308154	0	0.308154
N	0	10.1691	10.1691	17.4107	2.31115	8.012	1.07854	0.308154	10.015	0.616308	3.85192	11.8639	1.07854	1.84892	5.08454	0.308154	14.6373	10.015	0	0.924462
N	0	0.462231	0.462231	1.69485	0.154077	1.54077	0.308154	0.616308	0.924462	0	0.462231	2.15708	0.462231	0	1.69485	0	0.616308	2.003	0	0
N	0	0.154077	0.154077	12.1721	0	0.616308	1.69485	1.07854	0.616308	0	0.462231	1.38669	0	0.154077	9.09054	0.616308	0.462231	2.003	0	0
N	0	6.77939	6.77939	69.4887	5.85493	9.86093	5.54677	3.85192	4.93046	2.61931	1.38669	11.4017	0.154077	1.07854	16.7944	0	6.93346	14.6373	0	3.69785
N	0	0.154077	0.154077	2.15708	0.154077	1.23262	0.154077	0	1.38669	0.462231	0.154077	1.69485	0.308154	0.154077	0.616308	0	0.154077	0.616308	0	0.462231
N	0	7.70385	7.70385	16.9485	0.154077	0.154077	0.616308	0.308154	2.003	0	0.462231	0.924462	0.154077	0.462231	2.31115	0	0.154077	0.308154	0	0.154077
N	0	1.54077	1.54077	350.679	5.23862	8.32016	6.009	5.85493	16.4862	4.31416	14.3292	16.3322	0.770385	1.54077	8.47423	1.23262	5.54677	1.69485	0	7.3957
N	0	1.23262	1.23262	32.6643	1.38669	2.003	0.308154	0.154077	0.154077	0	0	1.38669	0.154077	0.308154	5.08454	0.154077	0	0.308154	0	0.308154
N	0	2.61931	2.61931	6.009	1.69485	52.6943	0.770385	0	0.462231	0	0.462231	2.77339	0	0.924462	0.308154	0.616308	1.69485	0.616308	0	1.07854
N	0	7.85793	7.85793	33.2806	0.924462	75.96	0.308154	8.32016	4.77639	0.462231	6.009	1.84892	0.770385	1.07854	17.8729	0.308154	23.7279	13.7129	0	0.308154
N	0	2.77339	2.77339	3.54377	0.154077	17.5648	0	0.308154	0.462231	0	1.69485	0	0	0.154077	4.46823	0	6.16308	0.770385	0	1.07854
N	0	31.2776	31.2776	2.15708	0	4.31416	3.85192	0.616308	0.462231	0	0.154077	0.154077	0	0	0.308154	0.616308	1.07854	1.84892	0	1.07854
N	0	42.9875	42.9875	163.63	0.154077	5.70085	6.93346	7.85793	11.2476	0.616308	11.5558	0.770385	0.770385	2.003	13.8669	2.77339	47.4557	1.69485	0	2.77339
N	0	5.54677	5.54677	8.62831	0.462231	0.616308	0.616308	1.38669	0.154077	0	0.308154	0.462231	0	0.308154	1.69485	0.462231	25.2686	0.308154	0	0.462231
N	0	5.23862	5.23862	1.38669	0.308154	0.154077	1.23262	1.23262	0.616308	0	1.23262	1.23262	0	0.308154	6.77939	1.38669	17.1025	0.462231	0	2.46523
N	0.308154	11.7099	11.7099	10.1691	4.006	3.38969	2.77339	3.69785	12.1721	0	11.7099	8.62831	0.462231	0.462231	19.2596	2.15708	65.1746	79.5037	0	1.84892
N	0	0.308154	0.308154	1.07854	0.154077	0.154077	0	1.84892	0.616308	0	1.07854	1.38669	0	0	1.69485	0.308154	4.77639	6.009	0	0
N	0	0.924462	0.924462	9.24462	0.154077	0.462231	0	10.1691	0.462231	0	1.38669	2.003	0.154077	0	1.07854	0	2.31115	2.92746	0	0
N	0	23.7279	23.7279	54.081	6.009	1.54077	0.616308	6.16308	4.16008	0	4.006	6.16308	0.924462	0.154077	4.93046	1.54077	21.8789	20.1841	0	0.154077
N	0	4.93046	4.93046	1.07854	0.154077	0.616308	0.616308	0	0	0.154077	0.462231	0.616308	3.54377	0	0.154077	0	0.616308	3.54377	0	0
N	0	3.08154	3.08154	1.69485	2.003	0.154077	0	0	0.924462	0	0	2.77339	0.462231	0	0.308154	3.69785	0.154077	6.47123	0	0.616308
N	0	14.021	14.021	28.6583	7.24162	3.54377	3.08154	6.16308	4.006	0	0.924462	0.308154	2.61931	4.77639	1.38669	1.84892	6.77939	14.4832	0	0.462231
N	0	1.38669	1.38669	3.85192	0.462231	0	0.616308	1.23262	2.31115	0	0	0	0.462231	0.770385	0.462231	0.462231	0.616308	3.54377	0	0
N	0	1.38669	1.38669	0.462231	1.69485	0.462231	0.462231	0.924462	2.61931	0.308154	0	0	0	0.308154	0.308154	0.154077	1.07854	0.154077	0	0.308154
N	0	11.0935	11.0935	27.2716	6.93346	2.46523	6.77939	1.23262	8.93647	0.616308	3.54377	0.462231	0	1.69485	2.77339	3.23562	7.3957	10.7854	0	6.009
N	0	0.616308	0.616308	2.92746	0.616308	0.462231	1.84892	0.154077	0.154077	0.462231	0.924462	0	0	0.154077	1.69485	0	0.770385	0.616308	0	0.770385
N	0	0.924462	0.924462	1.38669	0	0.770385	9.55277	0.154077	0.462231	0	1.07854	0	0	0.308154	2.46523	0.154077	3.23562	2.31115	0	0.616308
N	0	32.048	32.048	15.8699	3.08154	22.033	12.1721	7.85793	8.47423	0.616308	13.2506	2.61931	0.462231	2.92746	3.85192	1.38669	15.7159	22.8034	0	1.84892
N	0	2.15708	2.15708	0.616308	0.308154	1.54077	3.23562	0.308154	0.924462	0	1.54077	0.154077	0	0	0.770385	0	0.462231	1.84892	0	0.462231
N	0.308154	11.2476	11.2476	1.38669	0	1.54077	7.85793	0.308154	0.462231	0.154077	2.003	0.308154	0.462231	0	0.770385	0.308154	1.84892	5.54677	0	0
N	0	11.5558	11.5558	6.77939	4.006	4.77639	6.62531	4.31416	6.62531	0	9.09054	3.38969	2.46523	0.924462	3.85192	0.616308	18.027	14.6373	0	1.23262
N	0	1.84892	1.84892	2.003	0	1.23262	0.308154	0.308154	3.08154	0	0.462231	0	0.154077	0.308154	0.308154	0	0.770385	1.54077	0	0.770385
N	0	9.09054	9.09054	0.770385	0	0.770385	2.15708	0.308154	0.462231	0	0.154077	0.308154	0.154077	1.38669	3.38969	0	0.154077	0.462231	0	0.154077
N	0	20.3382	20.3382	48.072	2.92746	5.70085	5.70085	15.7159	4.16008	0.308154	2.92746	2.61931	7.54977	0.924462	4.006	0.924462	28.042	6.77939	0	0.462231
N	0	3.23562	3.23562	4.31416	0.154077	0.770385	0.770385	3.38969	0.308154	0	0	0	0.924462	0	0.462231	0	4.16008	0.616308	0.154077	0
N	0	2.003	2.003	0.462231	0.924462	0.462231	1.84892	0.616308	0	0	0.308154	0.308154	0.308154	0.308154	0.616308	0	2.15708	0.308154	0.462231	0.616308
N	0	13.8669	13.8669	21.7249	0.616308	6.009	11.0935	16.024	0.616308	0	0.462231	3.08154	4.62231	4.16008	10.9395	0.462231	16.3322	34.8214	34.9755	0.308154
N	0	0.462231	0.462231	11.0935	0	0.308154	1.38669	0	0	0	0	0.308154	0.770385	0	1.84892	0.308154	0.924462	3.38969	5.70085	0
N	0	0.616308	0.616308	76.5763	0.154077	0.462231	0	0	2.15708	0	1.23262	2.61931	1.69485	0.308154	0.616308	0.154077	0.616308	0.616308	2.15708	0
N	0	6.009	6.009	49.9209	2.61931	0.154077	3.85192	9.86093	0.308154	0.154077	1.38669	0.924462	0.462231	0.308154	6.47123	3.85192	3.38969	30.6613	2.92746	1.69485
N	0	0.308154	0.308154	11.5558	0.308154	0	0	0.770385	0	0	0.308154	0.308154	0	0	0.924462	0	0.770385	0.924462	0.308154	0.308154
N	0	2.77339	2.77339	3.38969	1.07854	0	0.154077	0	0.308154	0.154077	0.154077	0.308154	0.308154	0.154077	0.770385	0	31.8939	0.308154	0	1.07854
N	0	8.62831	8.62831	8.16608	4.93046	0.770385	0.770385	0	20.1841	2.46523	5.08454	1.38669	0.770385	0.462231	6.77939	1.23262	34.2051	5.85493	8.62831	0.770385
N	0	0.462231	0.462231	2.77339	1.54077	0	0	0	14.6373	1.07854	3.08154	0.154077	0	0	0.308154	1.69485	5.39269	0.616308	2.61931	0.154077
N	0	2.003	2.003	0.154077	0.924462	0	0.308154	0	3.38969	0.154077	1.23262	0.616308	0.308154	0	0.462231	4.46823	2.46523	1.23262	1.54077	0.154077
N	0	3.54377	3.54377	20.9545	9.3987	2.003	0.154077	0	11.2476	0.308154	4.77639	1.07854	1.69485	0.462231	1.84892	1.38669	7.3957	14.4832	7.54977	1.54077
N	0	1.23262	1.23262	0.770385	1.23262	0.154077	0	0	0.924462	0	0.616308	0.154077	0.154077	0	1.07854	0	0.154077	0.770385	1.38669	0.616308
N	0	4.62231	4.62231	0.770385	1.23262	4.62231	0.308154	0	0	0	0.308154	1.07854	0.308154	0	1.54077	0.154077	1.54077	0	0.924462	0.154077
N	0	5.54677	5.54677	24.4982	15.0995	12.7884	12.7884	0	5.23862	0.154077	2.003	3.08154	8.32016	0.770385	63.0175	5.85493	12.4802	0.924462	4.93046	1.69485
N	0	1.23262	1.23262	11.5558	0.924462	0.924462	3.08154	0	0	0	1.07854	1.54077	4.006	0.308154	19.8759	0.308154	2.77339	0.308154	3.23562	1.07854
N	0	3.54377	3.54377	0.770385	11.8639	15.5618	4.31416	0	0.308154	0	2.003	17.8729	36.2081	0.770385	4.77639	1.69485	3.54377	2.15708	20.6463	0
N	0.154077	50.9995	50.9995	44.8364	45.1446	16.1781	12.018	0	3.69785	2.61931	11.0935	5.70085	32.2021	5.23862	26.9635	10.9395	16.1781	6.77939	1.38669	21.1085
N	0	2.77339	2.77339	28.1961	4.31416	0.770385	2.15708	0	0.616308	0.308154	3.23562	2.46523	8.012	0.924462	5.85493	1.23262	0.154077	6.77939	2.92746	10.015
N	0	0.616308	0.616308	1.38669	6.16308	2.61931	0.154077	0	0	0.924462	2.92746	1.23262	4.77639	0.308154	9.55277	0.154077	0.308154	2.92746	4.006	0.616308
E	0	8.47423	8.47423	30.045	65.6368	16.9485	0	0	4.77639	2.31115	3.54377	1.69485	46.5313	0.154077	0.462231	0	0.308154	30.8154	8.62831	5.23862
N	0	0.154077	0.154077	1.69485	5.08454	0.154077	0	0	0.154077	0	0.308154	0	0.924462	0	0	0	0	1.07854	0	1.54077
D	0	0	0	0.308154	1.23262	0.308154	0	0	0	0	0	0	0.462231	0	0.154077	0	0	0.308154	0	0.308154
N	0	0	0	0	0.154077	0	0	0	0.154077	0	0	0	0	0	0.154077	0	0	0	0	0
N	0	0	0	0	1.23262	0	0	0	0	0.154077	0	0	0.462231	0	0.308154	0	0	0.154077	0	0
N	0	0	0	0	0	0	0	0	0	0	0	0	3.08154	0	0.154077	0	0	0	0	0
N	0	0	0	0	0.308154	0.154077	0	0	0	0	0	0	0.308154	0	0.154077	0	0	0	0	0
N	0	0.924462	0.924462	0	0	0	0.154077	0	0	0	0	0	0.154077	0	0.462231	0	0	0	0.308154	0
N	0	0.462231	0.462231	0	0	0	0.154077	0	0	0	0	0	0	0.308154	0.308154	0	0	0	0.154077	0
N	0	0.616308	0.616308	0	0.462231	0	0	0	0	0	0	0	0.154077	0	0	0	0	0.154077	2.46523	0
N	0	0.154077	0.154077	0	0	0	0.154077	0	0.154077	0	0	0	0	0	0	0	0.154077	0	0	0
N	0	0	0	0	0.308154	0	0.154077	0	0.308154	0	0	0.308154	0.308154	0	0.154077	0	0	0	0	0
N	0	0.154077	0.154077	0	0	0.770385	0	0	0	0	0	0	0.154077	0	0	0	0.154077	0	0	0.154077
N	0	0	0	0	0.308154	0.154077	0	0	0	0	0	0	0	0	0	0	0	0	0	0
N	0	0	0	0	0.154077	0	0.308154	0	0	0	0	0	0	0	0.616308	0	0	0	0	0
N	0	0	0	0	0	0	0	0	0	0	0	0	0	0	0	0	0	0	0	0
N	0	0.154077	0.154077	0	0.308154	0	0.308154	0	0.154077	0	0	0	0	0	0	0	0	0	0	0
N	0	0	0	0	0	0	0	0	0	0	0	0	0	0	0.616308	0	0	0	0	0
N	0	0	0	0	0.154077	0.154077	0	0	0	0	0	0	0	0	0	0	0	0	0	0
N	0	0	0	0.154077	0	0	0	0	0	0	0	0	0	0	0	0	0	0	0	0
N	0	0	0.154077	0	0	0	0.154077	0	0	0	0	0	0	0	0.154077	0	0	0	0	0
N	0	0	0	0	0	0	0	0	0	0	0	0	0	0	0	0	0	0	0	0
N	0	0	0	0	0	0	0	0	0.308154	0	0	0	0	0	0	0	0.308154	0	0	0
N	0	0	0	0	0	0	0	0	0	0	0	0	0	0	0.154077	0	0	0	0	0
N	0	0	0	0	0	0	0	0	0	0	0	0	0	0	0	0	0	0	0	0
N	0	0.308154	0	0	0	0.154077	0	0	0	0	0	0.154077	0	0	0	0	0	0	0	0
N	0	0	0	0	0.308154	0	0	0	0	0	0	0	0	0	0	0	0	0	0	0
N	0	0	0	0	0	0	0	0	0	0	0	0	0	0	0	0	0	0	0	0
N	0	0	0	0	0	0	0	0	0	0	0	0	0	0	0	0	0	0	0	0
N	0	0.154077	0.308154	0	0.462231	0.308154	0	0	0	0	0	0	0	0	0	0	0	0	0	0
N	0	0	0	0	0	0	0	0	0	0	0	0	0	0	0	0	0	0	0	0
N	0	0	0	0	0	0	0	0	0	0	0	0	0	0	0.308154	0	0	0	0	0
N	0	0	0	0	0	0	0	0	0	0	0	0	0	0	0	0	0	0	0	0
N	0	0	0	0	0	0	0	0	0	0	0	0	0	0	0	0	0	0	0	0
N	0	0	0	0	0	0	0	0	0	0	0	0	0	0	0	0	0	0	0	0
N	0	0	0	0	0	0	0	0	0	0	0	0	0	0	0	0.308154	0	0	0	0
N	0	0	0	0	0	0	0	0	0.308154	0	0.154077	0	0	0	0	0	0	0.154077	0	0
N	0	0	0.154077	0	0	0	0	0	0	0	0	0	0	0	0	0	0	0	0	0
N	0	0	0	0	0	0	0	0	0	0	0	0	0	0	0	0	0	0	0	0
N	0	0	0	0	0	0	0	0	0.154077	0	0	0	0	0	0	0	0	0	0	0
N	0	0	0	0	0	0	0	0	0.308154	0	0.462231	0	0	0	0.462231	0	0	0	0	0
N	0	0	0	0	0	0.154077	0	0	0.154077	0	0	0	0	0	0	0	0	0	0	0
N	0	0	0	0	0	0	0	0	0	0	0	0	0	0	0	0	0	0	0	0
N	0	0	0	0	0	0	0	0	0	0	0	0	0	0	0	0	0	0	0	0
N	0	0.154077	0	0	0	0	0	0	0	0	0	0	0	0	0	0	0	0	0	0
N	0	0.462231	0	0	0.308154	0	0	0	0.770385	0.308154	0	0	0	0	0	0	0	0	0	0
N	0	0	0	0	0	0	0	0	0	0	0	0	0	0	0	0	0	0	0	0
N	0	0	0.154077	0	0	0	0	0	0	0	0	0	0	0	0	0	0	0	0	0
N	0	0	0.308154	0	0.154077	0	0	0	0	0	0	0	0	0	0	0	0	0	0	0
N	0	0	0	0	0	0	0	0	0	0	0	0	0	0	0	0	0	0	0	0
N	0	0	0	0	0	0	0	0	0.308154	0	0	0	0	0	0	0	0	0	0	0
N	0	0	0.154077	0	0	0	0	0	0	0	0	0	0	0	0	0	0	0	0	0
N	0	0	0	0	0	0	0	0	0	0	0.154077	0	0	0	0	0	0	0	0	0
N	0	0	0	0	0	0	0	0.154077	0	0	0	0	0	0	0	0	0	0	0	0
N	0	0	0	0	0	0	0	0	0	0	0	0	0	0	0	0	0	0	0	0
N	0	0	0	0	0	0	0	0	0	0	0	0	0	0	0	0	0	0	0	0
N	0	0	0	0	0	0	0	0	0	0	0	0	0	0	0	0	0	0	0.308154	0
N	0	0	0	0	0	0	0	0	0	0	0	0	0	0	0	0	0	0	0	0
N	0	0.154077	0	0	0.154077	0	0	0	0	0	0	0	0	0	0	0	0	0	0	0
N	0	0	0	0	0	0	0	0	0	0	0	0	0	0	0.924462	0	0	0	0	0
N	0	0.154077	0	0	0	0	0	0	0.462231	0	0	0	0	0	0	0	0	0	0	0
